(0,0,12)(32,0,12)(64,0,12)(96,0,12)(128,0,12)(160,0,12)(192,0,12)(224,0,12)(256,0,12)(288,0,12)(320,0,12)(352,0,12)(384,0,12)(416,0,12)(448,0,12)(480,0,12)(512,0,12)(544,0,12)(576,0,12)(608,0,12)(640,0,12)(672,0,12)(704,0,12)(736,0,12)(768,0,12)(800,0,12)(832,0,12)(864,0,12)(896,0,12)(928,0,12)(960,0,12)(992,0,12)(1024,0,12)(1056,0,12)(1088,0,12)(1120,0,12)(1152,0,12)(1184,0,12)(1216,0,12)(1248,0,12)(1280,0,12)(1312,0,12)(1344,0,12)(1376,0,12)(1408,0,12)(1440,0,12)(1472,0,12)(1504,0,12)(1536,0,12)(1568,0,12)
(0,32,12)(32,32,12)(64,32,12)(96,32,12)(128,32,12)(160,32,12)(192,32,12)(224,32,12)(256,32,12)(288,32,12)(320,32,12)(352,32,12)(384,32,12)(416,32,12)(448,32,12)(480,32,12)(512,32,12)(544,32,12)(576,32,12)(608,32,12)(640,32,12)(672,32,12)(704,32,12)(736,32,12)(768,32,12)(800,32,12)(832,32,12)(864,32,12)(896,32,12)(928,32,12)(960,32,12)(992,32,12)(1024,32,12)(1056,32,12)(1088,32,12)(1120,32,12)(1152,32,12)(1184,32,12)(1216,32,12)(1248,32,12)(1280,32,12)(1312,32,12)(1344,32,12)(1376,32,12)(1408,32,12)(1440,32,12)(1472,32,12)(1504,32,12)(1536,32,12)(1568,32,12)
(0,64,12)(32,64,12)(64,64,12)(96,64,12)(128,64,12)(160,64,12)(192,64,12)(224,64,12)(256,64,12)(288,64,12)(320,64,12)(352,64,12)(384,64,12)(416,64,12)(448,64,12)(480,64,12)(512,64,12)(544,64,12)(576,64,12)(608,64,12)(640,64,12)(672,64,12)(704,64,12)(736,64,12)(768,64,12)(800,64,12)(832,64,12)(864,64,12)(896,64,12)(928,64,12)(960,64,12)(992,64,12)(1024,64,12)(1056,64,12)(1088,64,12)(1120,64,12)(1152,64,12)(1184,64,12)(1216,64,12)(1248,64,12)(1280,64,12)(1312,64,12)(1344,64,12)(1376,64,12)(1408,64,12)(1440,64,12)(1472,64,12)(1504,64,12)(1536,64,12)(1568,64,12)
(0,96,12)(32,96,12)(64,96,12)(96,96,12)(128,96,12)(160,96,12)(192,96,12)(224,96,12)(256,96,12)(288,96,12)(320,96,12)(352,96,12)(384,96,12)(416,96,12)(448,96,12)(480,96,12)(512,96,12)(544,96,12)(576,96,12)(608,96,12)(640,96,12)(672,96,12)(704,96,12)(736,96,12)(768,96,12)(800,96,12)(832,96,12)(864,96,12)(896,96,12)(928,96,12)(960,96,12)(992,96,12)(1024,96,12)(1056,96,12)(1088,96,12)(1120,96,12)(1152,96,12)(1184,96,12)(1216,96,12)(1248,96,12)(1280,96,12)(1312,96,12)(1344,96,12)(1376,96,12)(1408,96,12)(1440,96,12)(1472,96,12)(1504,96,12)(1536,96,12)(1568,96,12)
(0,128,12)(32,128,12)(64,128,12)(96,128,12)(128,128,12)(160,128,12)(192,128,12)(224,128,12)(256,128,12)(288,128,12)(320,128,12)(352,128,12)(384,128,12)(416,128,12)(448,128,12)(480,128,12)(512,128,12)(544,128,12)(576,128,12)(608,128,12)(640,128,12)(672,128,12)(704,128,12)(736,128,12)(768,128,12)(800,128,12)(832,128,12)(864,128,12)(896,128,12)(928,128,12)(960,128,12)(992,128,12)(1024,128,12)(1056,128,12)(1088,128,12)(1120,128,12)(1152,128,12)(1184,128,12)(1216,128,12)(1248,128,12)(1280,128,12)(1312,128,12)(1344,128,12)(1376,128,12)(1408,128,12)(1440,128,12)(1472,128,12)(1504,128,12)(1536,128,12)(1568,128,12)
(0,160,12)(32,160,12)(64,160,12)(96,160,12)(128,160,12)(160,160,12)(192,160,12)(224,160,12)(256,160,12)(288,160,12)(320,160,12)(352,160,12)(384,160,12)(416,160,12)(448,160,12)(480,160,12)(512,160,12)(544,160,12)(576,160,12)(608,160,12)(640,160,12)(672,160,12)(704,160,12)(736,160,12)(768,160,12)(800,160,12)(832,160,12)(864,160,12)(896,160,12)(928,160,12)(960,160,12)(992,160,12)(1024,160,12)(1056,160,12)(1088,160,12)(1120,160,12)(1152,160,12)(1184,160,12)(1216,160,12)(1248,160,12)(1280,160,12)(1312,160,12)(1344,160,12)(1376,160,12)(1408,160,12)(1440,160,12)(1472,160,12)(1504,160,12)(1536,160,12)(1568,160,12)
(0,192,12)(32,192,12)(64,192,12)(96,192,12)(128,192,12)(160,192,12)(192,192,12)(224,192,12)(256,192,12)(288,192,12)(320,192,12)(352,192,12)(384,192,12)(416,192,12)(448,192,12)(480,192,12)(512,192,12)(544,192,12)(576,192,12)(608,192,12)(640,192,12)(672,192,12)(704,192,12)(736,192,12)(768,192,12)(800,192,12)(832,192,12)(864,192,12)(896,192,12)(928,192,12)(960,192,12)(992,192,12)(1024,192,12)(1056,192,12)(1088,192,12)(1120,192,12)(1152,192,12)(1184,192,12)(1216,192,12)(1248,192,12)(1280,192,12)(1312,192,12)(1344,192,12)(1376,192,12)(1408,192,12)(1440,192,12)(1472,192,12)(1504,192,12)(1536,192,12)(1568,192,12)
(0,224,12)(32,224,12)(64,224,12)(96,224,12)(128,224,12)(160,224,12)(192,224,12)(224,224,12)(256,224,12)(288,224,12)(320,224,12)(352,224,12)(384,224,12)(416,224,12)(448,224,12)(480,224,12)(512,224,12)(544,224,12)(576,224,12)(608,224,12)(640,224,12)(672,224,12)(704,224,12)(736,224,12)(768,224,12)(800,224,12)(832,224,12)(864,224,12)(896,224,12)(928,224,12)(960,224,12)(992,224,12)(1024,224,12)(1056,224,12)(1088,224,12)(1120,224,12)(1152,224,12)(1184,224,12)(1216,224,12)(1248,224,12)(1280,224,12)(1312,224,12)(1344,224,12)(1376,224,12)(1408,224,12)(1440,224,12)(1472,224,12)(1504,224,12)(1536,224,12)(1568,224,12)
(0,256,12)(32,256,12)(64,256,12)(96,256,12)(128,256,12)(160,256,12)(192,256,12)(224,256,12)(256,256,12)(288,256,12)(320,256,12)(352,256,12)(384,256,12)(416,256,12)(448,256,12)(480,256,12)(512,256,12)(544,256,12)(576,256,12)(608,256,12)(640,256,12)(672,256,12)(704,256,12)(736,256,12)(768,256,12)(800,256,12)(832,256,12)(864,256,12)(896,256,12)(928,256,12)(960,256,12)(992,256,12)(1024,256,12)(1056,256,12)(1088,256,12)(1120,256,12)(1152,256,12)(1184,256,12)(1216,256,12)(1248,256,12)(1280,256,12)(1312,256,12)(1344,256,12)(1376,256,12)(1408,256,12)(1440,256,12)(1472,256,12)(1504,256,12)(1536,256,12)(1568,256,12)
(0,288,12)(32,288,12)(64,288,12)(96,288,12)(128,288,12)(160,288,12)(192,288,12)(224,288,12)(256,288,12)(288,288,12)(320,288,12)(352,288,12)(384,288,12)(416,288,12)(448,288,12)(480,288,12)(512,288,12)(544,288,12)(576,288,12)(608,288,12)(640,288,12)(672,288,12)(704,288,12)(736,288,12)(768,288,12)(800,288,12)(832,288,12)(864,288,12)(896,288,12)(928,288,12)(960,288,12)(992,288,12)(1024,288,12)(1056,288,12)(1088,288,12)(1120,288,12)(1152,288,12)(1184,288,12)(1216,288,12)(1248,288,12)(1280,288,12)(1312,288,12)(1344,288,12)(1376,288,12)(1408,288,12)(1440,288,12)(1472,288,12)(1504,288,12)(1536,288,12)(1568,288,12)
(0,320,12)(32,320,12)(64,320,12)(96,320,12)(128,320,12)(160,320,12)(192,320,12)(224,320,12)(256,320,12)(288,320,12)(320,320,12)(352,320,12)(384,320,12)(416,320,12)(448,320,12)(480,320,12)(512,320,12)(544,320,12)(576,320,12)(608,320,12)(640,320,12)(672,320,12)(704,320,12)(736,320,12)(768,320,12)(800,320,12)(832,320,12)(864,320,12)(896,320,12)(928,320,12)(960,320,12)(992,320,12)(1024,320,12)(1056,320,12)(1088,320,12)(1120,320,12)(1152,320,12)(1184,320,12)(1216,320,12)(1248,320,12)(1280,320,12)(1312,320,12)(1344,320,12)(1376,320,12)(1408,320,12)(1440,320,12)(1472,320,12)(1504,320,12)(1536,320,12)(1568,320,12)
(0,352,12)(32,352,12)(64,352,12)(96,352,12)(128,352,12)(160,352,12)(192,352,12)(224,352,12)(256,352,12)(288,352,12)(320,352,12)(352,352,12)(384,352,12)(416,352,12)(448,352,12)(480,352,12)(512,352,12)(544,352,12)(576,352,12)(608,352,12)(640,352,12)(672,352,12)(704,352,12)(736,352,12)(768,352,12)(800,352,12)(832,352,12)(864,352,12)(896,352,12)(928,352,12)(960,352,12)(992,352,12)(1024,352,12)(1056,352,12)(1088,352,12)(1120,352,12)(1152,352,12)(1184,352,12)(1216,352,12)(1248,352,12)(1280,352,12)(1312,352,12)(1344,352,12)(1376,352,12)(1408,352,12)(1440,352,12)(1472,352,12)(1504,352,12)(1536,352,12)(1568,352,12)
(0,384,12)(32,384,12)(64,384,12)(96,384,12)(128,384,12)(160,384,12)(192,384,12)(224,384,12)(256,384,12)(288,384,12)(320,384,12)(352,384,12)(384,384,12)(416,384,12)(448,384,12)(480,384,12)(512,384,12)(544,384,12)(576,384,12)(608,384,12)(640,384,12)(672,384,12)(704,384,12)(736,384,12)(768,384,12)(800,384,12)(832,384,12)(864,384,12)(896,384,12)(928,384,12)(960,384,12)(992,384,12)(1024,384,12)(1056,384,12)(1088,384,12)(1120,384,12)(1152,384,12)(1184,384,12)(1216,384,12)(1248,384,12)(1280,384,12)(1312,384,12)(1344,384,12)(1376,384,12)(1408,384,12)(1440,384,12)(1472,384,12)(1504,384,12)(1536,384,12)(1568,384,12)
(0,416,12)(32,416,12)(64,416,12)(96,416,12)(128,416,12)(160,416,12)(192,416,12)(224,416,12)(256,416,12)(288,416,12)(320,416,12)(352,416,12)(384,416,12)(416,416,12)(448,416,12)(480,416,12)(512,416,12)(544,416,12)(576,416,12)(608,416,12)(640,416,12)(672,416,12)(704,416,12)(736,416,12)(768,416,12)(800,416,12)(832,416,12)(864,416,12)(896,416,12)(928,416,12)(960,416,12)(992,416,12)(1024,416,12)(1056,416,12)(1088,416,12)(1120,416,12)(1152,416,12)(1184,416,12)(1216,416,12)(1248,416,12)(1280,416,12)(1312,416,12)(1344,416,12)(1376,416,12)(1408,416,12)(1440,416,12)(1472,416,12)(1504,416,12)(1536,416,12)(1568,416,12)
(0,448,12)(32,448,12)(64,448,12)(96,448,12)(128,448,12)(160,448,12)(192,448,12)(224,448,12)(256,448,12)(288,448,12)(320,448,12)(352,448,12)(384,448,12)(416,448,12)(448,448,12)(480,448,12)(512,448,12)(544,448,12)(576,448,12)(608,448,12)(640,448,12)(672,448,12)(704,448,12)(736,448,12)(768,448,12)(800,448,12)(832,448,12)(864,448,12)(896,448,12)(928,448,12)(960,448,12)(992,448,12)(1024,448,12)(1056,448,12)(1088,448,12)(1120,448,12)(1152,448,12)(1184,448,12)(1216,448,12)(1248,448,12)(1280,448,12)(1312,448,12)(1344,448,12)(1376,448,12)(1408,448,12)(1440,448,12)(1472,448,12)(1504,448,12)(1536,448,12)(1568,448,12)
(0,480,12)(32,480,12)(64,480,12)(96,480,12)(128,480,12)(160,480,12)(192,480,12)(224,480,12)(256,480,12)(288,480,12)(320,480,12)(352,480,12)(384,480,12)(416,480,12)(448,480,12)(480,480,12)(512,480,12)(544,480,12)(576,480,12)(608,480,12)(640,480,12)(672,480,12)(704,480,12)(736,480,12)(768,480,12)(800,480,12)(832,480,12)(864,480,12)(896,480,12)(928,480,12)(960,480,12)(992,480,12)(1024,480,12)(1056,480,12)(1088,480,12)(1120,480,12)(1152,480,12)(1184,480,12)(1216,480,12)(1248,480,12)(1280,480,12)(1312,480,12)(1344,480,12)(1376,480,12)(1408,480,12)(1440,480,12)(1472,480,12)(1504,480,12)(1536,480,12)(1568,480,12)
(0,512,12)(32,512,12)(64,512,12)(96,512,12)(128,512,12)(160,512,12)(192,512,12)(224,512,12)(256,512,12)(288,512,12)(320,512,12)(352,512,12)(384,512,12)(416,512,12)(448,512,12)(480,512,12)(512,512,12)(544,512,12)(576,512,12)(608,512,12)(640,512,12)(672,512,12)(704,512,12)(736,512,12)(768,512,12)(800,512,12)(832,512,12)(864,512,12)(896,512,12)(928,512,12)(960,512,12)(992,512,12)(1024,512,12)(1056,512,12)(1088,512,12)(1120,512,12)(1152,512,12)(1184,512,12)(1216,512,12)(1248,512,12)(1280,512,12)(1312,512,12)(1344,512,12)(1376,512,12)(1408,512,12)(1440,512,12)(1472,512,12)(1504,512,12)(1536,512,12)(1568,512,12)
(0,544,12)(32,544,12)(64,544,12)(96,544,12)(128,544,12)(160,544,12)(192,544,12)(224,544,12)(256,544,12)(288,544,12)(320,544,12)(352,544,12)(384,544,12)(416,544,12)(448,544,12)(480,544,12)(512,544,12)(544,544,12)(576,544,12)(608,544,12)(640,544,12)(672,544,12)(704,544,12)(736,544,12)(768,544,12)(800,544,12)(832,544,12)(864,544,12)(896,544,12)(928,544,12)(960,544,12)(992,544,12)(1024,544,12)(1056,544,12)(1088,544,12)(1120,544,12)(1152,544,12)(1184,544,12)(1216,544,12)(1248,544,12)(1280,544,12)(1312,544,12)(1344,544,12)(1376,544,12)(1408,544,12)(1440,544,12)(1472,544,12)(1504,544,12)(1536,544,12)(1568,544,12)
(0,576,12)(32,576,12)(64,576,12)(96,576,12)(128,576,12)(160,576,12)(192,576,12)(224,576,12)(256,576,12)(288,576,12)(320,576,12)(352,576,12)(384,576,12)(416,576,12)(448,576,12)(480,576,12)(512,576,12)(544,576,12)(576,576,12)(608,576,12)(640,576,12)(672,576,12)(704,576,12)(736,576,12)(768,576,12)(800,576,12)(832,576,12)(864,576,12)(896,576,12)(928,576,12)(960,576,12)(992,576,12)(1024,576,12)(1056,576,12)(1088,576,12)(1120,576,12)(1152,576,12)(1184,576,12)(1216,576,12)(1248,576,12)(1280,576,12)(1312,576,12)(1344,576,12)(1376,576,12)(1408,576,12)(1440,576,12)(1472,576,12)(1504,576,12)(1536,576,12)(1568,576,12)
(0,608,12)(32,608,12)(64,608,12)(96,608,12)(128,608,12)(160,608,12)(192,608,12)(224,608,12)(256,608,12)(288,608,12)(320,608,12)(352,608,12)(384,608,12)(416,608,12)(448,608,12)(480,608,12)(512,608,12)(544,608,12)(576,608,12)(608,608,12)(640,608,12)(672,608,12)(704,608,12)(736,608,12)(768,608,12)(800,608,12)(832,608,12)(864,608,12)(896,608,12)(928,608,12)(960,608,12)(992,608,12)(1024,608,12)(1056,608,12)(1088,608,12)(1120,608,12)(1152,608,12)(1184,608,12)(1216,608,12)(1248,608,12)(1280,608,12)(1312,608,12)(1344,608,12)(1376,608,12)(1408,608,12)(1440,608,12)(1472,608,12)(1504,608,12)(1536,608,12)(1568,608,12)
(0,640,12)(32,640,12)(64,640,12)(96,640,12)(128,640,12)(160,640,12)(192,640,12)(224,640,12)(256,640,12)(288,640,12)(320,640,12)(352,640,12)(384,640,12)(416,640,12)(448,640,12)(480,640,12)(512,640,12)(544,640,12)(576,640,12)(608,640,12)(640,640,12)(672,640,12)(704,640,12)(736,640,12)(768,640,12)(800,640,12)(832,640,12)(864,640,12)(896,640,12)(928,640,12)(960,640,12)(992,640,12)(1024,640,12)(1056,640,12)(1088,640,12)(1120,640,12)(1152,640,12)(1184,640,12)(1216,640,12)(1248,640,12)(1280,640,12)(1312,640,12)(1344,640,12)(1376,640,12)(1408,640,12)(1440,640,12)(1472,640,12)(1504,640,12)(1536,640,12)(1568,640,12)
(0,672,12)(32,672,12)(64,672,12)(96,672,12)(128,672,12)(160,672,12)(192,672,12)(224,672,12)(256,672,12)(288,672,12)(320,672,12)(352,672,12)(384,672,12)(416,672,12)(448,672,12)(480,672,12)(512,672,12)(544,672,12)(576,672,12)(608,672,12)(640,672,12)(672,672,12)(704,672,12)(736,672,12)(768,672,12)(800,672,12)(832,672,12)(864,672,12)(896,672,12)(928,672,12)(960,672,12)(992,672,12)(1024,672,12)(1056,672,12)(1088,672,12)(1120,672,12)(1152,672,12)(1184,672,12)(1216,672,12)(1248,672,12)(1280,672,12)(1312,672,12)(1344,672,12)(1376,672,12)(1408,672,12)(1440,672,12)(1472,672,12)(1504,672,12)(1536,672,12)(1568,672,12)
(0,704,12)(32,704,12)(64,704,12)(96,704,12)(128,704,12)(160,704,12)(192,704,12)(224,704,12)(256,704,12)(288,704,12)(320,704,12)(352,704,12)(384,704,12)(416,704,12)(448,704,12)(480,704,12)(512,704,12)(544,704,12)(576,704,12)(608,704,12)(640,704,12)(672,704,12)(704,704,12)(736,704,12)(768,704,12)(800,704,12)(832,704,12)(864,704,12)(896,704,12)(928,704,12)(960,704,12)(992,704,12)(1024,704,12)(1056,704,12)(1088,704,12)(1120,704,12)(1152,704,12)(1184,704,12)(1216,704,12)(1248,704,12)(1280,704,12)(1312,704,12)(1344,704,12)(1376,704,12)(1408,704,12)(1440,704,12)(1472,704,12)(1504,704,12)(1536,704,12)(1568,704,12)
(0,736,12)(32,736,12)(64,736,12)(96,736,12)(128,736,12)(160,736,12)(192,736,12)(224,736,12)(256,736,12)(288,736,12)(320,736,12)(352,736,12)(384,736,12)(416,736,12)(448,736,12)(480,736,12)(512,736,12)(544,736,12)(576,736,12)(608,736,12)(640,736,12)(672,736,12)(704,736,12)(736,736,12)(768,736,12)(800,736,12)(832,736,12)(864,736,12)(896,736,12)(928,736,12)(960,736,12)(992,736,12)(1024,736,12)(1056,736,12)(1088,736,12)(1120,736,12)(1152,736,12)(1184,736,12)(1216,736,12)(1248,736,12)(1280,736,12)(1312,736,12)(1344,736,12)(1376,736,12)(1408,736,12)(1440,736,12)(1472,736,12)(1504,736,12)(1536,736,12)(1568,736,12)
(0,768,12)(32,768,12)(64,768,12)(96,768,12)(128,768,12)(160,768,12)(192,768,12)(224,768,12)(256,768,12)(288,768,12)(320,768,12)(352,768,12)(384,768,12)(416,768,12)(448,768,12)(480,768,12)(512,768,12)(544,768,12)(576,768,12)(608,768,12)(640,768,12)(672,768,12)(704,768,12)(736,768,12)(768,768,12)(800,768,12)(832,768,12)(864,768,12)(896,768,12)(928,768,12)(960,768,12)(992,768,12)(1024,768,12)(1056,768,12)(1088,768,12)(1120,768,12)(1152,768,12)(1184,768,12)(1216,768,12)(1248,768,12)(1280,768,12)(1312,768,12)(1344,768,12)(1376,768,12)(1408,768,12)(1440,768,12)(1472,768,12)(1504,768,12)(1536,768,12)(1568,768,12)
(0,800,12)(32,800,12)(64,800,12)(96,800,12)(128,800,12)(160,800,12)(192,800,12)(224,800,12)(256,800,12)(288,800,12)(320,800,12)(352,800,12)(384,800,12)(416,800,12)(448,800,12)(480,800,12)(512,800,12)(544,800,12)(576,800,12)(608,800,12)(640,800,12)(672,800,12)(704,800,12)(736,800,12)(768,800,12)(800,800,12)(832,800,12)(864,800,12)(896,800,12)(928,800,12)(960,800,12)(992,800,12)(1024,800,12)(1056,800,12)(1088,800,12)(1120,800,12)(1152,800,12)(1184,800,12)(1216,800,12)(1248,800,12)(1280,800,12)(1312,800,12)(1344,800,12)(1376,800,12)(1408,800,12)(1440,800,12)(1472,800,12)(1504,800,12)(1536,800,12)(1568,800,12)
(0,832,12)(32,832,12)(64,832,12)(96,832,12)(128,832,12)(160,832,12)(192,832,12)(224,832,12)(256,832,12)(288,832,12)(320,832,12)(352,832,12)(384,832,12)(416,832,12)(448,832,12)(480,832,12)(512,832,12)(544,832,12)(576,832,12)(608,832,12)(640,832,12)(672,832,12)(704,832,12)(736,832,12)(768,832,12)(800,832,12)(832,832,12)(864,832,12)(896,832,12)(928,832,12)(960,832,12)(992,832,12)(1024,832,12)(1056,832,12)(1088,832,12)(1120,832,12)(1152,832,12)(1184,832,12)(1216,832,12)(1248,832,12)(1280,832,12)(1312,832,12)(1344,832,12)(1376,832,12)(1408,832,12)(1440,832,12)(1472,832,12)(1504,832,12)(1536,832,12)(1568,832,12)
(0,864,12)(32,864,12)(64,864,12)(96,864,12)(128,864,12)(160,864,12)(192,864,12)(224,864,12)(256,864,12)(288,864,12)(320,864,12)(352,864,12)(384,864,12)(416,864,12)(448,864,12)(480,864,12)(512,864,12)(544,864,12)(576,864,12)(608,864,12)(640,864,12)(672,864,12)(704,864,12)(736,864,12)(768,864,12)(800,864,12)(832,864,12)(864,864,12)(896,864,12)(928,864,12)(960,864,12)(992,864,12)(1024,864,12)(1056,864,12)(1088,864,12)(1120,864,12)(1152,864,12)(1184,864,12)(1216,864,12)(1248,864,12)(1280,864,12)(1312,864,12)(1344,864,12)(1376,864,12)(1408,864,12)(1440,864,12)(1472,864,12)(1504,864,12)(1536,864,12)(1568,864,12)
(0,896,12)(32,896,12)(64,896,12)(96,896,12)(128,896,12)(160,896,12)(192,896,12)(224,896,12)(256,896,12)(288,896,12)(320,896,12)(352,896,12)(384,896,12)(416,896,12)(448,896,12)(480,896,12)(512,896,12)(544,896,12)(576,896,12)(608,896,12)(640,896,12)(672,896,12)(704,896,12)(736,896,12)(768,896,12)(800,896,12)(832,896,12)(864,896,12)(896,896,12)(928,896,12)(960,896,12)(992,896,12)(1024,896,12)(1056,896,12)(1088,896,12)(1120,896,12)(1152,896,12)(1184,896,12)(1216,896,12)(1248,896,12)(1280,896,12)(1312,896,12)(1344,896,12)(1376,896,12)(1408,896,12)(1440,896,12)(1472,896,12)(1504,896,12)(1536,896,12)(1568,896,12)
(0,928,12)(32,928,12)(64,928,12)(96,928,12)(128,928,12)(160,928,12)(192,928,12)(224,928,12)(256,928,12)(288,928,12)(320,928,12)(352,928,12)(384,928,12)(416,928,12)(448,928,12)(480,928,12)(512,928,12)(544,928,12)(576,928,12)(608,928,12)(640,928,12)(672,928,12)(704,928,12)(736,928,12)(768,928,12)(800,928,12)(832,928,12)(864,928,12)(896,928,12)(928,928,12)(960,928,12)(992,928,12)(1024,928,12)(1056,928,12)(1088,928,12)(1120,928,12)(1152,928,12)(1184,928,12)(1216,928,12)(1248,928,12)(1280,928,12)(1312,928,12)(1344,928,12)(1376,928,12)(1408,928,12)(1440,928,12)(1472,928,12)(1504,928,12)(1536,928,12)(1568,928,12)
